list(ngames=3.80000E+02, nteams=2.00000E+01, y1=c(1.00000E+00, 2.00000E+00, 0.00000E+00, 1.00000E+00, 4.00000E+00, 2.00000E+00, 0.00000E+00, 2.00000E+00, 0.00000E+00, 0.00000E+00, 0.00000E+00, 0.00000E+00, 1.00000E+00, 1.00000E+00, 0.00000E+00, 2.00000E+00, 2.00000E+00, 1.00000E+00, 3.00000E+00, 1.00000E+00, 0.00000E+00, 1.00000E+00, 1.00000E+00, 2.00000E+00, 3.00000E+00, 1.00000E+00, 2.00000E+00, 0.00000E+00, 0.00000E+00, 0.00000E+00, 0.00000E+00, 1.00000E+00, 0.00000E+00, 0.00000E+00, 1.00000E+00, 2.00000E+00, 2.00000E+00, 0.00000E+00, 3.00000E+00, 2.00000E+00, 3.00000E+00, 0.00000E+00, 0.00000E+00, 3.00000E+00, 1.00000E+00, 2.00000E+00, 3.00000E+00, 0.00000E+00, 3.00000E+00, 2.00000E+00, 2.00000E+00, 2.00000E+00, 0.00000E+00, 0.00000E+00, 2.00000E+00, 1.00000E+00, 1.00000E+00, 1.00000E+00, 2.00000E+00, 1.00000E+00, 4.00000E+00, 2.00000E+00, 3.00000E+00, 3.00000E+00, 2.00000E+00, 2.00000E+00, 3.00000E+00, 2.00000E+00, 0.00000E+00, 2.00000E+00, 2.00000E+00, 0.00000E+00, 2.00000E+00, 1.00000E+00, 1.00000E+00, 6.00000E+00, 1.00000E+00, 1.00000E+00, 2.00000E+00, 3.00000E+00, 0.00000E+00, 0.00000E+00, 1.00000E+00, 2.00000E+00, 2.00000E+00, 1.00000E+00, 5.00000E+00, 0.00000E+00, 6.00000E+00, 0.00000E+00, 2.00000E+00, 0.00000E+00, 0.00000E+00, 1.00000E+00, 1.00000E+00, 2.00000E+00, 3.00000E+00, 0.00000E+00, 1.00000E+00, 1.00000E+00, 1.00000E+00, 0.00000E+00, 0.00000E+00, 0.00000E+00, 2.00000E+00, 2.00000E+00, 2.00000E+00, 6.00000E+00, 2.00000E+00, 3.00000E+00, 0.00000E+00, 0.00000E+00, 1.00000E+00, 1.00000E+00, 2.00000E+00, 2.00000E+00, 1.00000E+00, 0.00000E+00, 1.00000E+00, 1.00000E+00, 1.00000E+00, 2.00000E+00, 0.00000E+00, 0.00000E+00, 2.00000E+00, 1.00000E+00, 4.00000E+00, 1.00000E+00, 4.00000E+00, 0.00000E+00, 2.00000E+00, 2.00000E+00, 5.00000E+00, 3.00000E+00, 3.00000E+00, 1.00000E+00, 0.00000E+00, 1.00000E+00, 1.00000E+00, 1.00000E+00, 2.00000E+00, 0.00000E+00, 1.00000E+00, 0.00000E+00, 2.00000E+00, 3.00000E+00, 1.00000E+00, 0.00000E+00, 2.00000E+00, 1.00000E+00, 1.00000E+00, 0.00000E+00, 0.00000E+00, 1.00000E+00, 2.00000E+00, 2.00000E+00, 0.00000E+00, 1.00000E+00, 2.00000E+00, 2.00000E+00, 1.00000E+00, 0.00000E+00, 1.00000E+00, 2.00000E+00, 1.00000E+00, 3.00000E+00, 1.00000E+00, 3.00000E+00, 0.00000E+00, 2.00000E+00, 2.00000E+00, 0.00000E+00, 1.00000E+00, 1.00000E+00, 1.00000E+00, 2.00000E+00, 3.00000E+00, 4.00000E+00, 0.00000E+00, 4.00000E+00, 0.00000E+00, 2.00000E+00, 1.00000E+00, 1.00000E+00, 3.00000E+00, 0.00000E+00, 2.00000E+00, 2.00000E+00, 0.00000E+00, 0.00000E+00, 2.00000E+00, 3.00000E+00, 1.00000E+00, 2.00000E+00, 2.00000E+00, 1.00000E+00, 0.00000E+00, 1.00000E+00, 0.00000E+00, 1.00000E+00, 1.00000E+00, 1.00000E+00, 3.00000E+00, 2.00000E+00, 3.00000E+00, 2.00000E+00, 0.00000E+00, 2.00000E+00, 3.00000E+00, 0.00000E+00, 4.00000E+00, 3.00000E+00, 4.00000E+00, 2.00000E+00, 3.00000E+00, 3.00000E+00, 1.00000E+00, 0.00000E+00, 0.00000E+00, 1.00000E+00, 4.00000E+00, 0.00000E+00, 0.00000E+00, 1.00000E+00, 1.00000E+00, 3.00000E+00, 2.00000E+00, 2.00000E+00, 1.00000E+00, 0.00000E+00, 0.00000E+00, 0.00000E+00, 2.00000E+00, 2.00000E+00, 0.00000E+00, 1.00000E+00, 1.00000E+00, 3.00000E+00, 0.00000E+00, 3.00000E+00, 1.00000E+00, 0.00000E+00, 2.00000E+00, 1.00000E+00, 2.00000E+00, 1.00000E+00, 1.00000E+00, 1.00000E+00, 0.00000E+00, 1.00000E+00, 2.00000E+00, 0.00000E+00, 1.00000E+00, 2.00000E+00, 1.00000E+00, 0.00000E+00, 5.00000E+00, 2.00000E+00, 0.00000E+00, 1.00000E+00, 1.00000E+00, 0.00000E+00, 1.00000E+00, 1.00000E+00, 2.00000E+00, 3.00000E+00, 3.00000E+00, 2.00000E+00, 1.00000E+00, 2.00000E+00, 1.00000E+00, 2.00000E+00, 2.00000E+00, 1.00000E+00, 1.00000E+00, 1.00000E+00, 1.00000E+00, 3.00000E+00, 2.00000E+00, 1.00000E+00, 1.00000E+00, 1.00000E+00, 1.00000E+00, 2.00000E+00, 4.00000E+00, 0.00000E+00, 1.00000E+00, 1.00000E+00, 0.00000E+00, 3.00000E+00, 1.00000E+00, 0.00000E+00, 1.00000E+00, 0.00000E+00, 0.00000E+00, 0.00000E+00, 1.00000E+00, 2.00000E+00, 1.00000E+00, 1.00000E+00, 3.00000E+00, 0.00000E+00, 3.00000E+00, 0.00000E+00, 2.00000E+00, 0.00000E+00, 0.00000E+00, 3.00000E+00, 2.00000E+00, 4.00000E+00, 1.00000E+00, 1.00000E+00, 1.00000E+00, 3.00000E+00, 1.00000E+00, 1.00000E+00, 1.00000E+00, 3.00000E+00, 1.00000E+00, 2.00000E+00, 0.00000E+00, 3.00000E+00, 4.00000E+00, 0.00000E+00, 0.00000E+00, 1.00000E+00, 1.00000E+00, 3.00000E+00, 0.00000E+00, 0.00000E+00, 1.00000E+00, 2.00000E+00, 1.00000E+00, 0.00000E+00, 1.00000E+00, 3.00000E+00, 2.00000E+00, 4.00000E+00, 2.00000E+00, 4.00000E+00, 1.00000E+00, 2.00000E+00, 2.00000E+00, 0.00000E+00, 4.00000E+00, 1.00000E+00, 1.00000E+00, 1.00000E+00, 2.00000E+00, 3.00000E+00, 0.00000E+00, 1.00000E+00, 3.00000E+00, 1.00000E+00, 4.00000E+00, 2.00000E+00, 0.00000E+00, 0.00000E+00, 3.00000E+00, 1.00000E+00, 2.00000E+00, 1.00000E+00, 3.00000E+00, 1.00000E+00, 2.00000E+00, 2.00000E+00, 3.00000E+00, 4.00000E+00, 3.00000E+00, 1.00000E+00, 1.00000E+00, 2.00000E+00, 1.00000E+00, 1.00000E+00, 2.00000E+00, 4.00000E+00, 3.00000E+00, 5.00000E+00, 4.00000E+00, 3.00000E+00),