list(att=c(1.24E-01, 1.32E+00, 3.36E-01, 1.89E-01, -4.78E-01, 2.05E+00, 1.27E+00, 8.56E-01, -3.43E-01, -6.15E-01, -5.49E-01, 8.04E-01, 8.41E-01, -9.76E-01, 1.86E-01, -2.81E+00, -7.26E-01, 1.17E-01, 1.13E+00, -1.46E+00), def=c(4.71E-01, -3.86E-01, 1.02E-01, 8.63E-02, 2.05E+00, -9.41E-01, -6.55E-02, 7.38E-01, 7.82E-01, 9.69E-01, 1.60E-01, 1.51E+00, 4.34E-01, 1.38E-01, -4.02E-01, 5.33E-01, -1.22E-01, 2.07E-01, -1.94E-01, 7.38E-01), home=c(1.80E+00, -2.01E-01, -4.84E-01, 1.26E+00, 9.12E-01, 1.20E+00, -1.13E+00, -5.80E-02, 1.06E+00, 6.86E-01, -1.19E+00, 9.53E-03, -1.13E+00, -7.78E-01, -8.30E-01, -1.75E-02, -5.44E-01, 1.30E+00, -3.94E-02, 9.60E-01), mu.att=c(-2.51E+00, -1.14E+00, -5.80E-02, -1.07E+00, 1.46E-01, 7.75E-01, 1.95E-01, 1.91E+00, 1.23E+00, -3.42E-01, 1.71E-01, -5.04E-01, -1.43E-01, 1.09E+00, -7.75E-01, -1.20E-01, -1.91E+00, 2.82E-01, -1.88E-01, -2.33E-02), mu.def=c(1.36E+00, 5.40E-01, 3.47E-01, -7.82E-01, -7.77E-01, 8.79E-01, 5.57E-01, -4.84E-01, -6.36E-01, -6.36E-01, 3.73E-01, -2.08E+00, 6.02E-01, 1.42E+00, 1.12E+00, -1.04E+00, 9.11E-01, 3.24E-01, -9.60E-01, -1.75E+00), tau.att=c(1.56E-02, 2.35E-100, 2.89E-169, 1.08E-67, 5.79E-11, 9.71E-47, 6.52E-32, 4.28E-33, 1.01E+01, 5.43E-42, 3.35E-46, 3.13E-21, 6.59E-66, 6.24E-107, 3.62E-59, 6.81E-84, 1.26E-06, 1.35E-22, 2.06E-73, 7.70E-98), tau.def=c(1.29E-60, 1.52E-64, 6.67E-13, 5.29E-95, 7.11E-03, 6.68E-105, 1.14E-12, 1.80E+01, 2.26E-82, 1.67E-44, 2.41E-33, 2.04E-65, 2.52E-29, 3.95E-24, 1.10E-19, 2.83E-29, 2.84E-41, 2.62E-81, 1.49E-06, 4.97E-33))
